7.109635000000000218e+03
7.110602797979798197e+03
7.111570595959596176e+03
7.112538393939394155e+03
7.113506191919192133e+03
7.114473989898990112e+03
7.115441787878788091e+03
7.116409585858586070e+03
7.117377383838384048e+03
7.118345181818182027e+03
7.119312979797980006e+03
7.120280777777777985e+03
7.121248575757575964e+03
7.122216373737373942e+03
7.123184171717171921e+03
7.124151969696969900e+03
7.125119767676767879e+03
7.126087565656565857e+03
7.127055363636363836e+03
7.128023161616161815e+03
7.128990959595959794e+03
7.129958757575757772e+03
7.130926555555555751e+03
7.131894353535353730e+03
7.132862151515151709e+03
7.133829949494949688e+03
7.134797747474747666e+03
7.135765545454545645e+03
7.136733343434343624e+03
7.137701141414141603e+03
7.138668939393939581e+03
7.139636737373737560e+03
7.140604535353535539e+03
7.141572333333333518e+03
7.142540131313131496e+03
7.143507929292929475e+03
7.144475727272727454e+03
7.145443525252525433e+03
7.146411323232323412e+03
7.147379121212121390e+03
7.148346919191919369e+03
7.149314717171717348e+03
7.150282515151515327e+03
7.151250313131313305e+03
7.152218111111111284e+03
7.153185909090909263e+03
7.154153707070707242e+03
7.155121505050505220e+03
7.156089303030303199e+03
7.157057101010101178e+03
7.158024898989899157e+03
7.158992696969697136e+03
7.159960494949495114e+03
7.160928292929293093e+03
7.161896090909091072e+03
7.162863888888889051e+03
7.163831686868687029e+03
7.164799484848485008e+03
7.165767282828282987e+03
7.166735080808080966e+03
7.167702878787878944e+03
7.168670676767676923e+03
7.169638474747474902e+03
7.170606272727272881e+03
7.171574070707070859e+03
7.172541868686868838e+03
7.173509666666666817e+03
7.174477464646464796e+03
7.175445262626262775e+03
7.176413060606060753e+03
7.177380858585858732e+03
7.178348656565656711e+03
7.179316454545454690e+03
7.180284252525252668e+03
7.181252050505050647e+03
7.182219848484848626e+03
7.183187646464646605e+03
7.184155444444444583e+03
7.185123242424242562e+03
7.186091040404040541e+03
7.187058838383838520e+03
7.188026636363636499e+03
7.188994434343434477e+03
7.189962232323232456e+03
7.190930030303030435e+03
7.191897828282828414e+03
7.192865626262626392e+03
7.193833424242424371e+03
7.194801222222222350e+03
7.195769020202020329e+03
7.196736818181818307e+03
7.197704616161616286e+03
7.198672414141414265e+03
7.199640212121212244e+03
7.200608010101010223e+03
7.201575808080808201e+03
7.202543606060606180e+03
7.203511404040404159e+03
7.204479202020202138e+03
7.205447000000000116e+03
