7.099199999999999818e+03
7.099220000000000255e+03
7.099239999999999782e+03
7.099260000000000218e+03
7.099279999999999745e+03
7.099300000000000182e+03
7.099319999999999709e+03
7.099340000000000146e+03
7.099359999999999673e+03
7.099380000000000109e+03
7.099399999999999636e+03
7.099420000000000073e+03
7.099439999999999600e+03
7.099460000000000036e+03
7.099479999999999563e+03
7.099500000000000000e+03
7.099519999999999527e+03
7.099539999999999964e+03
7.099559999999999491e+03
7.099579999999999927e+03
7.099599999999999454e+03
7.099619999999999891e+03
7.099639999999999418e+03
7.099659999999999854e+03
7.099679999999999382e+03
7.099699999999999818e+03
7.099720000000000255e+03
7.099739999999999782e+03
7.099760000000000218e+03
7.099779999999999745e+03
7.099800000000000182e+03
7.099819999999999709e+03
7.099840000000000146e+03
7.099859999999999673e+03
7.099880000000000109e+03
7.099899999999999636e+03
7.099920000000000073e+03
7.099939999999999600e+03
7.099960000000000036e+03
7.099979999999999563e+03
7.100000000000000000e+03
7.100019999999999527e+03
7.100039999999999964e+03
7.100059999999999491e+03
7.100079999999999927e+03
7.100099999999999454e+03
7.100119999999999891e+03
7.100139999999999418e+03
7.100159999999999854e+03
7.100179999999999382e+03
7.100199999999999818e+03
7.100220000000000255e+03
7.100239999999999782e+03
7.100260000000000218e+03
7.100279999999999745e+03
7.100300000000000182e+03
7.100319999999999709e+03
7.100340000000000146e+03
7.100359999999999673e+03
7.100380000000000109e+03
7.100399999999999636e+03
7.100420000000000073e+03
7.100439999999999600e+03
7.100460000000000036e+03
7.100479999999999563e+03
7.100500000000000000e+03
7.100519999999999527e+03
7.100539999999999964e+03
7.100559999999999491e+03
7.100579999999999927e+03
7.100599999999999454e+03
7.100619999999999891e+03
7.100639999999999418e+03
7.100659999999999854e+03
7.100679999999999382e+03
7.100699999999999818e+03
7.100720000000000255e+03
7.100739999999999782e+03
7.100760000000000218e+03
7.100779999999999745e+03
7.100800000000000182e+03
7.100819999999999709e+03
7.100840000000000146e+03
7.100859999999999673e+03
7.100880000000000109e+03
7.100899999999999636e+03
7.100920000000000073e+03
7.100939999999999600e+03
7.100960000000000036e+03
7.100979999999999563e+03
7.101000000000000000e+03
7.101019999999999527e+03
7.101039999999999964e+03
7.101059999999999491e+03
7.101079999999999927e+03
7.101099999999999454e+03
7.101119999999999891e+03
7.101139999999999418e+03
7.101159999999999854e+03
7.101179999999999382e+03
7.101199999999999818e+03
7.101220000000000255e+03
7.101239999999999782e+03
7.101260000000000218e+03
7.101279999999999745e+03
7.101300000000000182e+03
7.101319999999999709e+03
7.101340000000000146e+03
7.101359999999999673e+03
7.101380000000000109e+03
7.101399999999999636e+03
7.101420000000000073e+03
7.101439999999999600e+03
7.101460000000000036e+03
7.101479999999999563e+03
7.101500000000000000e+03
7.101519999999999527e+03
7.101539999999999964e+03
7.101559999999999491e+03
7.101579999999999927e+03
7.101599999999999454e+03
7.101619999999999891e+03
7.101639999999999418e+03
7.101659999999999854e+03
7.101679999999999382e+03
7.101699999999999818e+03
7.101720000000000255e+03
7.101739999999999782e+03
7.101760000000000218e+03
7.101779999999999745e+03
7.101800000000000182e+03
7.101819999999999709e+03
7.101840000000000146e+03
7.101859999999999673e+03
7.101880000000000109e+03
7.101899999999999636e+03
7.101920000000000073e+03
7.101939999999999600e+03
7.101960000000000036e+03
7.101979999999999563e+03
7.102000000000000000e+03
7.102019999999999527e+03
7.102039999999999964e+03
7.102059999999999491e+03
7.102079999999999927e+03
7.102099999999999454e+03
7.102119999999999891e+03
7.102139999999999418e+03
7.102159999999999854e+03
7.102179999999999382e+03
7.102199999999999818e+03
7.102220000000000255e+03
7.102239999999999782e+03
7.102260000000000218e+03
7.102279999999999745e+03
7.102300000000000182e+03
7.102319999999999709e+03
7.102340000000000146e+03
7.102359999999999673e+03
7.102380000000000109e+03
7.102399999999999636e+03
7.102420000000000073e+03
7.102439999999999600e+03
7.102460000000000036e+03
7.102479999999999563e+03
7.102500000000000000e+03
7.102519999999999527e+03
7.102539999999999964e+03
7.102559999999999491e+03
7.102579999999999927e+03
7.102599999999999454e+03
7.102619999999999891e+03
7.102639999999999418e+03
7.102659999999999854e+03
7.102679999999999382e+03
7.102699999999999818e+03
7.102720000000000255e+03
7.102739999999999782e+03
7.102760000000000218e+03
7.102779999999999745e+03
7.102800000000000182e+03
7.102819999999999709e+03
7.102840000000000146e+03
7.102859999999999673e+03
7.102880000000000109e+03
7.102899999999999636e+03
7.102920000000000073e+03
7.102939999999999600e+03
7.102960000000000036e+03
7.102979999999999563e+03
7.103000000000000000e+03
7.103019999999999527e+03
7.103039999999999964e+03
7.103059999999999491e+03
7.103079999999999927e+03
7.103099999999999454e+03
7.103119999999999891e+03
7.103139999999999418e+03
7.103159999999999854e+03
7.103179999999999382e+03
7.103199999999999818e+03
7.103220000000000255e+03
7.103239999999999782e+03
7.103260000000000218e+03
7.103279999999999745e+03
7.103300000000000182e+03
7.103319999999999709e+03
7.103340000000000146e+03
7.103359999999999673e+03
7.103380000000000109e+03
7.103399999999999636e+03
7.103420000000000073e+03
7.103439999999999600e+03
7.103460000000000036e+03
7.103479999999999563e+03
7.103500000000000000e+03
7.103519999999999527e+03
7.103539999999999964e+03
7.103559999999999491e+03
7.103579999999999927e+03
7.103599999999999454e+03
7.103619999999999891e+03
7.103639999999999418e+03
7.103659999999999854e+03
7.103679999999999382e+03
7.103699999999999818e+03
7.103720000000000255e+03
7.103739999999999782e+03
7.103760000000000218e+03
7.103779999999999745e+03
7.103800000000000182e+03
7.103819999999999709e+03
7.103840000000000146e+03
7.103859999999999673e+03
7.103880000000000109e+03
7.103899999999999636e+03
7.103920000000000073e+03
7.103939999999999600e+03
7.103960000000000036e+03
7.103979999999999563e+03
7.104000000000000000e+03
7.104019999999999527e+03
7.104039999999999964e+03
7.104059999999999491e+03
7.104079999999999927e+03
7.104099999999999454e+03
7.104119999999999891e+03
7.104139999999999418e+03
7.104159999999999854e+03
7.104179999999999382e+03
7.104199999999999818e+03
7.104220000000000255e+03
7.104239999999999782e+03
7.104260000000000218e+03
7.104279999999999745e+03
7.104300000000000182e+03
7.104319999999999709e+03
7.104340000000000146e+03
7.104359999999999673e+03
7.104380000000000109e+03
7.104399999999999636e+03
7.104420000000000073e+03
7.104439999999999600e+03
7.104460000000000036e+03
7.104479999999999563e+03
7.104500000000000000e+03
7.104519999999999527e+03
7.104539999999999964e+03
7.104559999999999491e+03
7.104579999999999927e+03
7.104599999999999454e+03
7.104619999999999891e+03
7.104639999999999418e+03
7.104659999999999854e+03
7.104679999999999382e+03
7.104699999999999818e+03
7.104720000000000255e+03
7.104739999999999782e+03
7.104760000000000218e+03
7.104779999999999745e+03
7.104800000000000182e+03
7.104819999999999709e+03
7.104840000000000146e+03
7.104859999999999673e+03
7.104880000000000109e+03
7.104899999999999636e+03
7.104920000000000073e+03
7.104939999999999600e+03
7.104960000000000036e+03
7.104979999999999563e+03
7.105000000000000000e+03
7.105019999999999527e+03
7.105039999999999964e+03
7.105059999999999491e+03
7.105079999999999927e+03
7.105099999999999454e+03
7.105119999999999891e+03
7.105139999999999418e+03
7.105159999999999854e+03
7.105179999999999382e+03
7.105199999999999818e+03
7.105220000000000255e+03
7.105239999999999782e+03
7.105260000000000218e+03
7.105279999999999745e+03
7.105300000000000182e+03
7.105319999999999709e+03
7.105340000000000146e+03
7.105359999999999673e+03
7.105380000000000109e+03
7.105399999999999636e+03
7.105420000000000073e+03
7.105439999999999600e+03
7.105460000000000036e+03
7.105479999999999563e+03
7.105500000000000000e+03
7.105519999999999527e+03
7.105539999999999964e+03
7.105559999999999491e+03
7.105579999999999927e+03
7.105599999999999454e+03
7.105619999999999891e+03
7.105639999999999418e+03
7.105659999999999854e+03
7.105679999999999382e+03
7.105699999999999818e+03
7.105720000000000255e+03
7.105739999999999782e+03
7.105760000000000218e+03
7.105779999999999745e+03
7.105800000000000182e+03
7.105819999999999709e+03
7.105840000000000146e+03
7.105859999999999673e+03
7.105880000000000109e+03
7.105899999999999636e+03
7.105920000000000073e+03
7.105939999999999600e+03
7.105960000000000036e+03
7.105979999999999563e+03
7.106000000000000000e+03
7.106019999999999527e+03
7.106039999999999964e+03
7.106059999999999491e+03
7.106079999999999927e+03
7.106099999999999454e+03
7.106119999999999891e+03
7.106139999999999418e+03
7.106159999999999854e+03
7.106179999999999382e+03
7.106199999999999818e+03
7.106220000000000255e+03
7.106239999999999782e+03
7.106260000000000218e+03
7.106279999999999745e+03
7.106300000000000182e+03
7.106319999999999709e+03
7.106340000000000146e+03
7.106359999999999673e+03
7.106380000000000109e+03
7.106399999999999636e+03
7.106420000000000073e+03
7.106439999999999600e+03
7.106460000000000036e+03
7.106479999999999563e+03
7.106500000000000000e+03
7.106519999999999527e+03
7.106539999999999964e+03
7.106559999999999491e+03
7.106579999999999927e+03
7.106599999999999454e+03
7.106619999999999891e+03
7.106639999999999418e+03
7.106659999999999854e+03
7.106679999999999382e+03
7.106699999999999818e+03
7.106720000000000255e+03
7.106739999999999782e+03
7.106760000000000218e+03
7.106779999999999745e+03
7.106800000000000182e+03
7.106819999999999709e+03
7.106840000000000146e+03
7.106859999999999673e+03
7.106880000000000109e+03
7.106899999999999636e+03
7.106920000000000073e+03
7.106939999999999600e+03
7.106960000000000036e+03
7.106979999999999563e+03
7.107000000000000000e+03
7.107019999999999527e+03
7.107039999999999964e+03
7.107059999999999491e+03
7.107079999999999927e+03
7.107099999999999454e+03
7.107119999999999891e+03
7.107139999999999418e+03
7.107159999999999854e+03
7.107179999999999382e+03
7.107199999999999818e+03
7.107220000000000255e+03
7.107239999999999782e+03
7.107260000000000218e+03
7.107279999999999745e+03
7.107300000000000182e+03
7.107319999999999709e+03
7.107340000000000146e+03
7.107359999999999673e+03
7.107380000000000109e+03
7.107399999999999636e+03
7.107420000000000073e+03
7.107439999999999600e+03
7.107460000000000036e+03
7.107479999999999563e+03
7.107500000000000000e+03
7.107519999999999527e+03
7.107539999999999964e+03
7.107559999999999491e+03
7.107579999999999927e+03
7.107599999999999454e+03
7.107619999999999891e+03
7.107639999999999418e+03
7.107659999999999854e+03
7.107679999999999382e+03
7.107699999999999818e+03
7.107720000000000255e+03
7.107739999999999782e+03
7.107760000000000218e+03
7.107779999999999745e+03
7.107800000000000182e+03
7.107819999999999709e+03
7.107840000000000146e+03
7.107859999999999673e+03
7.107880000000000109e+03
7.107899999999999636e+03
7.107920000000000073e+03
7.107939999999999600e+03
7.107960000000000036e+03
7.107979999999999563e+03
7.108000000000000000e+03
7.108019999999999527e+03
7.108039999999999964e+03
7.108059999999999491e+03
7.108079999999999927e+03
7.108099999999999454e+03
7.108119999999999891e+03
7.108139999999999418e+03
7.108159999999999854e+03
7.108179999999999382e+03
7.108199999999999818e+03
7.108220000000000255e+03
7.108239999999999782e+03
7.108260000000000218e+03
7.108279999999999745e+03
7.108300000000000182e+03
7.108319999999999709e+03
7.108340000000000146e+03
7.108359999999999673e+03
7.108380000000000109e+03
7.108399999999999636e+03
7.108420000000000073e+03
7.108439999999999600e+03
7.108460000000000036e+03
7.108479999999999563e+03
7.108500000000000000e+03
7.108519999999999527e+03
7.108539999999999964e+03
7.108559999999999491e+03
7.108579999999999927e+03
7.108599999999999454e+03
7.108619999999999891e+03
7.108639999999999418e+03
7.108659999999999854e+03
7.108679999999999382e+03
7.108699999999999818e+03
7.108720000000000255e+03
7.108739999999999782e+03
7.108760000000000218e+03
7.108779999999999745e+03
7.108800000000000182e+03
7.108819999999999709e+03
7.108840000000000146e+03
7.108859999999999673e+03
7.108880000000000109e+03
7.108899999999999636e+03
7.108920000000000073e+03
7.108939999999999600e+03
7.108960000000000036e+03
7.108979999999999563e+03
7.109000000000000000e+03
7.109019999999999527e+03
7.109039999999999964e+03
7.109059999999999491e+03
7.109079999999999927e+03
7.109099999999999454e+03
7.109119999999999891e+03
7.109139999999999418e+03
7.109159999999999854e+03
7.109179999999999382e+03
7.109199999999999818e+03
7.109220000000000255e+03
7.109239999999999782e+03
7.109260000000000218e+03
7.109279999999999745e+03
7.109300000000000182e+03
7.109319999999999709e+03
7.109340000000000146e+03
7.109359999999999673e+03
7.109380000000000109e+03
7.109399999999999636e+03
7.109420000000000073e+03
7.109439999999999600e+03
7.109460000000000036e+03
7.109479999999999563e+03
7.109500000000000000e+03
7.109519999999999527e+03
7.109539999999999964e+03
7.109559999999999491e+03
7.109579999999999927e+03
7.109599999999999454e+03
7.109619999999999891e+03
7.109639999999999418e+03
7.109659999999999854e+03
7.109679999999999382e+03
7.109699999999999818e+03
7.109720000000000255e+03
7.109739999999999782e+03
7.109760000000000218e+03
7.109779999999999745e+03
7.109800000000000182e+03
7.109819999999999709e+03
7.109840000000000146e+03
7.109859999999999673e+03
7.109880000000000109e+03
7.109899999999999636e+03
7.109920000000000073e+03
7.109939999999999600e+03
7.109960000000000036e+03
7.109979999999999563e+03
7.110000000000000000e+03
7.110019999999999527e+03
7.110039999999999964e+03
7.110059999999999491e+03
7.110079999999999927e+03
7.110099999999999454e+03
7.110119999999999891e+03
7.110139999999999418e+03
7.110159999999999854e+03
7.110179999999999382e+03
7.110199999999999818e+03
7.110220000000000255e+03
7.110239999999999782e+03
7.110260000000000218e+03
7.110279999999999745e+03
7.110300000000000182e+03
7.110319999999999709e+03
7.110340000000000146e+03
7.110359999999999673e+03
7.110380000000000109e+03
7.110399999999999636e+03
7.110420000000000073e+03
7.110439999999999600e+03
7.110460000000000036e+03
7.110479999999999563e+03
7.110500000000000000e+03
7.110519999999999527e+03
7.110539999999999964e+03
7.110559999999999491e+03
7.110579999999999927e+03
7.110599999999999454e+03
7.110619999999999891e+03
7.110639999999999418e+03
7.110659999999999854e+03
7.110679999999999382e+03
7.110699999999999818e+03
7.110720000000000255e+03
7.110739999999999782e+03
7.110760000000000218e+03
7.110779999999999745e+03
7.110800000000000182e+03
7.110819999999999709e+03
7.110840000000000146e+03
7.110859999999999673e+03
7.110880000000000109e+03
7.110899999999999636e+03
7.110920000000000073e+03
7.110939999999999600e+03
7.110960000000000036e+03
7.110979999999999563e+03
7.111000000000000000e+03
7.111019999999999527e+03
7.111039999999999964e+03
7.111059999999999491e+03
7.111079999999999927e+03
7.111099999999999454e+03
7.111119999999999891e+03
7.111139999999999418e+03
7.111159999999999854e+03
7.111179999999999382e+03
7.111199999999999818e+03
7.111220000000000255e+03
7.111239999999999782e+03
7.111260000000000218e+03
7.111279999999999745e+03
7.111300000000000182e+03
7.111319999999999709e+03
7.111340000000000146e+03
7.111359999999999673e+03
7.111380000000000109e+03
7.111399999999999636e+03
7.111420000000000073e+03
7.111439999999999600e+03
7.111460000000000036e+03
7.111479999999999563e+03
7.111500000000000000e+03
7.111519999999999527e+03
7.111539999999999964e+03
7.111559999999999491e+03
7.111579999999999927e+03
7.111599999999999454e+03
7.111619999999999891e+03
7.111639999999999418e+03
7.111659999999999854e+03
7.111679999999999382e+03
7.111699999999999818e+03
7.111720000000000255e+03
7.111739999999999782e+03
7.111760000000000218e+03
7.111779999999999745e+03
7.111800000000000182e+03
7.111819999999999709e+03
7.111840000000000146e+03
7.111859999999999673e+03
7.111880000000000109e+03
7.111899999999999636e+03
7.111920000000000073e+03
7.111939999999999600e+03
7.111960000000000036e+03
7.111979999999999563e+03
7.112000000000000000e+03
7.112019999999999527e+03
7.112039999999999964e+03
7.112059999999999491e+03
7.112079999999999927e+03
7.112099999999999454e+03
7.112119999999999891e+03
7.112139999999999418e+03
7.112159999999999854e+03
7.112179999999999382e+03
7.112199999999999818e+03
7.112220000000000255e+03
7.112239999999999782e+03
7.112260000000000218e+03
7.112279999999999745e+03
7.112300000000000182e+03
7.112319999999999709e+03
7.112340000000000146e+03
7.112359999999999673e+03
7.112380000000000109e+03
7.112399999999999636e+03
7.112420000000000073e+03
7.112439999999999600e+03
7.112460000000000036e+03
7.112479999999999563e+03
7.112500000000000000e+03
7.112519999999999527e+03
7.112539999999999964e+03
7.112559999999999491e+03
7.112579999999999927e+03
7.112599999999999454e+03
7.112619999999999891e+03
7.112639999999999418e+03
7.112659999999999854e+03
7.112679999999999382e+03
7.112699999999999818e+03
7.112720000000000255e+03
7.112739999999999782e+03
7.112760000000000218e+03
7.112779999999999745e+03
7.112800000000000182e+03
7.112819999999999709e+03
7.112840000000000146e+03
7.112859999999999673e+03
7.112880000000000109e+03
7.112899999999999636e+03
7.112920000000000073e+03
7.112939999999999600e+03
7.112960000000000036e+03
7.112979999999999563e+03
7.113000000000000000e+03
7.113019999999999527e+03
7.113039999999999964e+03
7.113059999999999491e+03
7.113079999999999927e+03
7.113099999999999454e+03
7.113119999999999891e+03
7.113139999999999418e+03
7.113159999999999854e+03
7.113179999999999382e+03
7.113199999999999818e+03
7.113220000000000255e+03
7.113239999999999782e+03
7.113260000000000218e+03
7.113279999999999745e+03
7.113300000000000182e+03
7.113319999999999709e+03
7.113340000000000146e+03
7.113359999999999673e+03
7.113380000000000109e+03
7.113399999999999636e+03
7.113420000000000073e+03
7.113439999999999600e+03
7.113460000000000036e+03
7.113479999999999563e+03
7.113500000000000000e+03
7.113519999999999527e+03
7.113539999999999964e+03
7.113559999999999491e+03
7.113579999999999927e+03
7.113599999999999454e+03
7.113619999999999891e+03
7.113639999999999418e+03
7.113659999999999854e+03
7.113679999999999382e+03
7.113699999999999818e+03
7.113720000000000255e+03
7.113739999999999782e+03
7.113760000000000218e+03
7.113779999999999745e+03
7.113800000000000182e+03
7.113819999999999709e+03
7.113840000000000146e+03
7.113859999999999673e+03
7.113880000000000109e+03
7.113899999999999636e+03
7.113920000000000073e+03
7.113939999999999600e+03
7.113960000000000036e+03
7.113979999999999563e+03
7.114000000000000000e+03
7.114019999999999527e+03
7.114039999999999964e+03
7.114059999999999491e+03
7.114079999999999927e+03
7.114099999999999454e+03
7.114119999999999891e+03
7.114139999999999418e+03
7.114159999999999854e+03
7.114179999999999382e+03
7.114199999999999818e+03
7.114220000000000255e+03
7.114239999999999782e+03
7.114260000000000218e+03
7.114279999999999745e+03
7.114300000000000182e+03
7.114319999999999709e+03
7.114340000000000146e+03
7.114359999999999673e+03
7.114380000000000109e+03
7.114399999999999636e+03
7.114420000000000073e+03
7.114439999999999600e+03
7.114460000000000036e+03
7.114479999999999563e+03
7.114500000000000000e+03
7.114519999999999527e+03
7.114539999999999964e+03
7.114559999999999491e+03
7.114579999999999927e+03
7.114599999999999454e+03
7.114619999999999891e+03
7.114639999999999418e+03
7.114659999999999854e+03
7.114679999999999382e+03
7.114699999999999818e+03
7.114720000000000255e+03
7.114739999999999782e+03
7.114760000000000218e+03
7.114779999999999745e+03
7.114800000000000182e+03
7.114819999999999709e+03
7.114840000000000146e+03
7.114859999999999673e+03
7.114880000000000109e+03
7.114899999999999636e+03
7.114920000000000073e+03
7.114939999999999600e+03
7.114960000000000036e+03
7.114979999999999563e+03
7.115000000000000000e+03
7.115019999999999527e+03
7.115039999999999964e+03
7.115059999999999491e+03
7.115079999999999927e+03
7.115099999999999454e+03
7.115119999999999891e+03
7.115139999999999418e+03
7.115159999999999854e+03
7.115179999999999382e+03
7.115199999999999818e+03
7.115220000000000255e+03
7.115239999999999782e+03
7.115260000000000218e+03
7.115279999999999745e+03
7.115300000000000182e+03
7.115319999999999709e+03
7.115340000000000146e+03
7.115359999999999673e+03
7.115380000000000109e+03
7.115399999999999636e+03
7.115420000000000073e+03
7.115439999999999600e+03
7.115460000000000036e+03
7.115479999999999563e+03
7.115500000000000000e+03
7.115519999999999527e+03
7.115539999999999964e+03
7.115559999999999491e+03
7.115579999999999927e+03
7.115599999999999454e+03
7.115619999999999891e+03
7.115639999999999418e+03
7.115659999999999854e+03
7.115679999999999382e+03
7.115699999999999818e+03
7.115720000000000255e+03
7.115739999999999782e+03
7.115760000000000218e+03
7.115779999999999745e+03
7.115800000000000182e+03
7.115819999999999709e+03
7.115840000000000146e+03
7.115859999999999673e+03
7.115880000000000109e+03
7.115899999999999636e+03
7.115920000000000073e+03
7.115939999999999600e+03
7.115960000000000036e+03
7.115979999999999563e+03
7.116000000000000000e+03
7.116019999999999527e+03
7.116039999999999964e+03
7.116059999999999491e+03
7.116079999999999927e+03
7.116099999999999454e+03
7.116119999999999891e+03
7.116139999999999418e+03
7.116159999999999854e+03
7.116179999999999382e+03
7.116199999999999818e+03
7.116220000000000255e+03
7.116239999999999782e+03
7.116260000000000218e+03
7.116279999999999745e+03
7.116300000000000182e+03
7.116319999999999709e+03
7.116340000000000146e+03
7.116359999999999673e+03
7.116380000000000109e+03
7.116399999999999636e+03
7.116420000000000073e+03
7.116439999999999600e+03
7.116460000000000036e+03
7.116479999999999563e+03
7.116500000000000000e+03
7.116519999999999527e+03
7.116539999999999964e+03
7.116559999999999491e+03
7.116579999999999927e+03
7.116599999999999454e+03
7.116619999999999891e+03
7.116639999999999418e+03
7.116659999999999854e+03
7.116679999999999382e+03
7.116699999999999818e+03
7.116720000000000255e+03
7.116739999999999782e+03
7.116760000000000218e+03
7.116779999999999745e+03
7.116800000000000182e+03
7.116819999999999709e+03
7.116840000000000146e+03
7.116859999999999673e+03
7.116880000000000109e+03
7.116899999999999636e+03
7.116920000000000073e+03
7.116939999999999600e+03
7.116960000000000036e+03
7.116979999999999563e+03
7.117000000000000000e+03
7.117019999999999527e+03
7.117039999999999964e+03
7.117059999999999491e+03
7.117079999999999927e+03
7.117099999999999454e+03
7.117119999999999891e+03
7.117139999999999418e+03
7.117159999999999854e+03
7.117179999999999382e+03
7.117199999999999818e+03
7.117220000000000255e+03
7.117239999999999782e+03
7.117260000000000218e+03
7.117279999999999745e+03
7.117300000000000182e+03
7.117319999999999709e+03
7.117340000000000146e+03
7.117359999999999673e+03
7.117380000000000109e+03
7.117399999999999636e+03
7.117420000000000073e+03
7.117439999999999600e+03
7.117460000000000036e+03
7.117479999999999563e+03
7.117500000000000000e+03
7.117519999999999527e+03
7.117539999999999964e+03
7.117559999999999491e+03
7.117579999999999927e+03
7.117599999999999454e+03
7.117619999999999891e+03
7.117639999999999418e+03
7.117659999999999854e+03
7.117679999999999382e+03
7.117699999999999818e+03
7.117720000000000255e+03
7.117739999999999782e+03
7.117760000000000218e+03
7.117779999999999745e+03
7.117800000000000182e+03
7.117819999999999709e+03
7.117840000000000146e+03
7.117859999999999673e+03
7.117880000000000109e+03
7.117899999999999636e+03
7.117920000000000073e+03
7.117939999999999600e+03
7.117960000000000036e+03
7.117979999999999563e+03
7.118000000000000000e+03
7.118019999999999527e+03
7.118039999999999964e+03
7.118059999999999491e+03
7.118079999999999927e+03
7.118099999999999454e+03
7.118119999999999891e+03
7.118139999999999418e+03
7.118159999999999854e+03
7.118179999999999382e+03
7.118199999999999818e+03
7.118220000000000255e+03
7.118239999999999782e+03
7.118260000000000218e+03
7.118279999999999745e+03
7.118300000000000182e+03
7.118319999999999709e+03
7.118340000000000146e+03
7.118359999999999673e+03
7.118380000000000109e+03
7.118399999999999636e+03
7.118420000000000073e+03
7.118439999999999600e+03
7.118460000000000036e+03
7.118479999999999563e+03
7.118500000000000000e+03
7.118519999999999527e+03
7.118539999999999964e+03
7.118559999999999491e+03
7.118579999999999927e+03
7.118599999999999454e+03
7.118619999999999891e+03
7.118639999999999418e+03
7.118659999999999854e+03
7.118679999999999382e+03
7.118699999999999818e+03
7.118720000000000255e+03
7.118739999999999782e+03
7.118760000000000218e+03
7.118779999999999745e+03
7.118800000000000182e+03
7.118819999999999709e+03
7.118840000000000146e+03
7.118859999999999673e+03
7.118880000000000109e+03
7.118899999999999636e+03
7.118920000000000073e+03
7.118939999999999600e+03
7.118960000000000036e+03
7.118979999999999563e+03
7.119000000000000000e+03
7.119019999999999527e+03
7.119039999999999964e+03
7.119059999999999491e+03
7.119079999999999927e+03
7.119099999999999454e+03
7.119119999999999891e+03
7.119139999999999418e+03
7.119159999999999854e+03
7.119179999999999382e+03
7.119199999999999818e+03
7.119220000000000255e+03
7.119239999999999782e+03
7.119260000000000218e+03
7.119279999999999745e+03
7.119300000000000182e+03
7.119319999999999709e+03
7.119340000000000146e+03
7.119359999999999673e+03
7.119380000000000109e+03
7.119399999999999636e+03
7.119420000000000073e+03
7.119439999999999600e+03
7.119460000000000036e+03
7.119479999999999563e+03
7.119500000000000000e+03
7.119519999999999527e+03
7.119539999999999964e+03
7.119559999999999491e+03
7.119579999999999927e+03
7.119599999999999454e+03
7.119619999999999891e+03
7.119639999999999418e+03
7.119659999999999854e+03
7.119679999999999382e+03
7.119699999999999818e+03
7.119720000000000255e+03
7.119739999999999782e+03
7.119760000000000218e+03
7.119779999999999745e+03
7.119800000000000182e+03
7.119819999999999709e+03
7.119840000000000146e+03
7.119859999999999673e+03
7.119880000000000109e+03
7.119899999999999636e+03
7.119920000000000073e+03
7.119939999999999600e+03
7.119960000000000036e+03
7.119979999999999563e+03
7.120000000000000000e+03
7.120019999999999527e+03
7.120039999999999964e+03
7.120059999999999491e+03
7.120079999999999927e+03
7.120099999999999454e+03
7.120119999999999891e+03
7.120139999999999418e+03
7.120159999999999854e+03
7.120179999999999382e+03
7.120199999999999818e+03
7.120220000000000255e+03
7.120239999999999782e+03
7.120260000000000218e+03
7.120279999999999745e+03
7.120300000000000182e+03
7.120319999999999709e+03
7.120340000000000146e+03
7.120359999999999673e+03
7.120380000000000109e+03
7.120399999999999636e+03
7.120420000000000073e+03
7.120439999999999600e+03
7.120460000000000036e+03
7.120479999999999563e+03
7.120500000000000000e+03
7.120519999999999527e+03
7.120539999999999964e+03
7.120559999999999491e+03
7.120579999999999927e+03
7.120599999999999454e+03
7.120619999999999891e+03
7.120639999999999418e+03
7.120659999999999854e+03
7.120679999999999382e+03
7.120699999999999818e+03
7.120720000000000255e+03
7.120739999999999782e+03
7.120760000000000218e+03
7.120779999999999745e+03
7.120800000000000182e+03
7.120819999999999709e+03
7.120840000000000146e+03
7.120859999999999673e+03
7.120880000000000109e+03
7.120899999999999636e+03
7.120920000000000073e+03
7.120939999999999600e+03
7.120960000000000036e+03
7.120979999999999563e+03
7.121000000000000000e+03
7.121019999999999527e+03
7.121039999999999964e+03
7.121059999999999491e+03
7.121079999999999927e+03
7.121099999999999454e+03
7.121119999999999891e+03
7.121139999999999418e+03
7.121159999999999854e+03
7.121179999999999382e+03
7.121199999999999818e+03
7.121220000000000255e+03
7.121239999999999782e+03
7.121260000000000218e+03
7.121279999999999745e+03
7.121300000000000182e+03
7.121319999999999709e+03
7.121340000000000146e+03
7.121359999999999673e+03
7.121380000000000109e+03
7.121399999999999636e+03
7.121420000000000073e+03
7.121439999999999600e+03
7.121460000000000036e+03
7.121479999999999563e+03
7.121500000000000000e+03
7.121519999999999527e+03
7.121539999999999964e+03
7.121559999999999491e+03
7.121579999999999927e+03
7.121599999999999454e+03
7.121619999999999891e+03
7.121639999999999418e+03
7.121659999999999854e+03
7.121679999999999382e+03
7.121699999999999818e+03
7.121720000000000255e+03
7.121739999999999782e+03
7.121760000000000218e+03
7.121779999999999745e+03
7.121800000000000182e+03
7.121819999999999709e+03
7.121840000000000146e+03
7.121859999999999673e+03
7.121880000000000109e+03
7.121899999999999636e+03
7.121920000000000073e+03
7.121939999999999600e+03
7.121960000000000036e+03
7.121979999999999563e+03
7.122000000000000000e+03
7.122019999999999527e+03
7.122039999999999964e+03
7.122059999999999491e+03
7.122079999999999927e+03
7.122099999999999454e+03
7.122119999999999891e+03
7.122139999999999418e+03
7.122159999999999854e+03
7.122179999999999382e+03
7.122199999999999818e+03
7.122300000000000182e+03
7.122399999999999636e+03
7.122500000000000000e+03
7.122599999999999454e+03
7.122699999999999818e+03
7.122800000000000182e+03
7.122899999999999636e+03
7.123000000000000000e+03
7.123099999999999454e+03
7.123199999999999818e+03
7.123300000000000182e+03
7.123399999999999636e+03
7.123500000000000000e+03
7.123599999999999454e+03
7.123699999999999818e+03
7.123800000000000182e+03
7.123899999999999636e+03
7.124000000000000000e+03
7.124099999999999454e+03
7.124199999999999818e+03
7.124300000000000182e+03
7.124399999999999636e+03
7.124500000000000000e+03
7.124599999999999454e+03
7.124699999999999818e+03
7.124800000000000182e+03
7.124899999999999636e+03
7.125000000000000000e+03
7.125099999999999454e+03
7.125199999999999818e+03
7.125300000000000182e+03
7.125399999999999636e+03
7.125500000000000000e+03
7.125599999999999454e+03
7.125699999999999818e+03
7.125800000000000182e+03
7.125899999999999636e+03
7.126000000000000000e+03
7.126099999999999454e+03
7.126199999999999818e+03
7.126300000000000182e+03
7.126399999999999636e+03
7.126500000000000000e+03
7.126599999999999454e+03
7.126699999999999818e+03
7.126800000000000182e+03
7.126899999999999636e+03
7.127000000000000000e+03
7.127099999999999454e+03
7.127199999999999818e+03
7.127300000000000182e+03
7.127399999999999636e+03
7.127500000000000000e+03
7.127599999999999454e+03
7.127699999999999818e+03
7.127800000000000182e+03
7.127899999999999636e+03
7.128000000000000000e+03
7.128099999999999454e+03
7.128199999999999818e+03
7.128300000000000182e+03
7.128399999999999636e+03
7.128500000000000000e+03
7.128599999999999454e+03
7.128699999999999818e+03
7.128800000000000182e+03
7.128899999999999636e+03
7.129000000000000000e+03
7.129099999999999454e+03
7.129199999999999818e+03
7.129300000000000182e+03
7.129399999999999636e+03
7.129500000000000000e+03
7.129599999999999454e+03
7.129699999999999818e+03
7.129800000000000182e+03
7.129899999999999636e+03
7.130000000000000000e+03
7.130099999999999454e+03
7.130199999999999818e+03
7.130300000000000182e+03
7.130399999999999636e+03
7.130500000000000000e+03
7.130599999999999454e+03
7.130699999999999818e+03
7.130800000000000182e+03
7.130899999999999636e+03
7.131000000000000000e+03
7.131099999999999454e+03
7.131199999999999818e+03
7.131300000000000182e+03
7.131399999999999636e+03
7.131500000000000000e+03
7.131599999999999454e+03
7.131699999999999818e+03
7.131800000000000182e+03
7.131899999999999636e+03
7.132000000000000000e+03
7.132099999999999454e+03
7.132199999999999818e+03
7.132699999999999818e+03
7.133199999999999818e+03
7.133699999999999818e+03
7.134199999999999818e+03
7.134699999999999818e+03
7.135199999999999818e+03
7.135699999999999818e+03
7.136199999999999818e+03
7.136699999999999818e+03
7.137199999999999818e+03
7.137699999999999818e+03
7.138199999999999818e+03
7.138699999999999818e+03
7.139199999999999818e+03
7.139699999999999818e+03
7.140199999999999818e+03
7.140699999999999818e+03
7.141199999999999818e+03
7.141699999999999818e+03
7.142199999999999818e+03
7.142699999999999818e+03
7.143199999999999818e+03
7.143699999999999818e+03
7.144199999999999818e+03
7.146199999999999818e+03
7.148199999999999818e+03
7.150199999999999818e+03
7.152199999999999818e+03
7.154199999999999818e+03
7.156199999999999818e+03
7.158199999999999818e+03
7.160199999999999818e+03
7.162199999999999818e+03
7.164199999999999818e+03
7.166199999999999818e+03
7.168199999999999818e+03
7.171199999999999818e+03
7.174199999999999818e+03
7.177199999999999818e+03
7.180199999999999818e+03
7.183199999999999818e+03
7.186199999999999818e+03
7.189199999999999818e+03
7.192199999999999818e+03
7.195199999999999818e+03
7.198199999999999818e+03
7.201199999999999818e+03
7.204199999999999818e+03
7.207199999999999818e+03
7.210199999999999818e+03
7.213199999999999818e+03
7.216199999999999818e+03
7.219199999999999818e+03
7.222199999999999818e+03
7.225199999999999818e+03
7.228199999999999818e+03
7.231199999999999818e+03
